0.09689138,0.5154849,0,0
0.09680059,0.515939,0,0
0.0966442,0.516721,0,0
0.09635163,0.518184,0,0
0.09598289,0.5200279,0,0
0.09577169,0.5210841,0,0
0.09566282,0.5216284,0,0
0.09553576,0.5222639,0,0
0.09553179,0.5222837,0,0
0.09599179,0.5199834,0,0
0.09636274,0.5181285,0,0
0.09663579,0.5167631,0,0
0.09684266,0.5157285,0,0
0.09705832,0.5146502,0,0
0.09692708,0.5153064,0,0
0.09629197,0.5184823,0,0
0.09557538,0.5220657,0,0
0.0950737,0.5245745,0,0
0.09487644,0.5255609,0,0
0.09459152,0.5269856,0,0
0.09405219,0.5296826,0,0
0.09327536,0.5335672,0,0
0.09315926,0.5341478,0,0
0.09330461,0.5334209,0,0
0.09344628,0.5327125,0,0
0.09359211,0.5319833,0,0
0.09363008,0.5317934,0,0
0.09394728,0.5302072,0,0
0.09455997,0.5271434,0,0
0.09541071,0.5228892,0,0
0.09617032,0.5190907,0,0
0.09670245,0.5164297,0,0
0.09704113,0.5147361,0,0
0.09713782,0.5142525,0,0
0.09705209,0.5146813,0,0
0.09690101,0.5154368,0,0
0.09654454,0.5172193,0,0
0.09607664,0.5195591,0,0
0.09549645,0.5224605,0,0
0.09490167,0.5254347,0,0
0.09461735,0.5268564,0,0
0.09434977,0.5281945,0,0
0.09443806,0.527753,0,0
0.0947338,0.5262741,0,0
0.09496704,0.5251078,0,0
0.09508728,0.5245065,0,0
0.09500372,0.5249243,0,0
0.09483378,0.5257742,0,0
0.09473598,0.5262632,0,0
0.09435711,0.5281578,0,0
0.09382412,0.5308231,0,0
0.09284961,0.5356962,0,0
0.09113836,0.5442535,0,0
0.08930346,0.5534291,0,0
0.08716554,0.56412,0,0
0.08496185,0.5751398,0,0
0.08294858,0.5852073,0,0
0.08140219,0.5929402,0,0
0.08032982,0.5983027,0,0
0.07951529,0.6023758,0,0
0.07883791,0.6057631,0,0
0.07866882,0.6066087,0,0
0.07873241,0.6062907,0,0
0.07839863,0.6079598,0,0
0.0775758,0.6120744,0,0
0.07658584,0.6170248,0,0
0.07541755,0.622867,0,0
0.07396898,0.6301107,0,0
0.07221879,0.6388627,0,0
0.07049902,0.6474626,0,0
0.06908871,0.654515,0,0
0.06795167,0.6602008,0,0
0.06708175,0.664551,0,0
0.06623385,0.668791,0,0
0.06558785,0.6720214,0,0
0.06521536,0.673884,0,0
0.06474253,0.6762485,0,0
0.06388935,0.6805149,0,0
0.06372754,0.6813241,0,0
0.06390295,0.6804469,0,0
0.06349032,0.6825103,0,0
0.06287397,0.6855924,0,0
0.06273447,0.68629,0,0
0.0627993,0.6859658,0,0
0.06296856,0.6851194,0,0
0.06309649,0.6844797,0,0
0.06337965,0.6830637,0,0
0.06347799,0.6825719,0,0
0.06354454,0.6822392,0,0
0.06368353,0.6815441,0,0
0.06412842,0.6793194,0,0
0.06425383,0.6786923,0,0
0.06414261,0.6792485,0,0
0.0641588,0.6791675,0,0
0.06397027,0.6801103,0,0
0.06362724,0.6818256,0,0
0.06343917,0.6827661,0,0
0.06248249,0.68755,0,0
0.06216618,0.6891318,0,0
0.06163516,0.6917872,0,0
0.06106929,0.6946169,0,0
0.06013339,0.699297,0,0
0.05866803,0.7066246,0,0
0.05662139,0.7168591,0,0
0.05520473,0.7239432,0,0
0.05366625,0.7316365,0,0
0.05250845,0.7374262,0,0
0.05154343,0.7422519,0,0
0.05076084,0.7461653,0,0
0.04946637,0.7526385,0,0
0.04794904,0.760226,0,0
0.0466685,0.7666295,0,0
0.04318052,0.7840715,0,0
0.04284909,0.7857288,0,0
0.0425679,0.7871349,0,0
0.04269306,0.7865091,0,0
0.04319039,0.7840222,0,0
0.04330515,0.7834482,0,0
0.04340483,0.7829498,0,0
0.04348616,0.7825431,0,0
0.04353269,0.7823104,0,0
0.0437806,0.7810707,0,0
0.04403187,0.7798142,0,0
0.04414677,0.7792397,0,0
0.04424052,0.7787709,0,0
0.04422048,0.7788711,0,0
0.04408582,0.7795445,0,0
0.04436854,0.7781307,0,0
0.0447171,0.7763877,0,0
0.04496162,0.7751649,0,0
0.04498318,0.7750571,0,0
0.04501688,0.7748886,0,0
0.04504003,0.7747728,0,0
0.04502993,0.7748233,0,0
0.04498891,0.7750285,0,0
0.04501767,0.7748846,0,0
0.04507277,0.7746091,0,0
0.04503721,0.7747869,0,0
0.04500958,0.7749251,0,0
0.04483662,0.77579,0,0
0.04467777,0.7765843,0,0
0.04450391,0.7774537,0,0
0.05966454,0.7016415,0,0
0.05940011,0.7029638,0,0
0.05915955,0.7041668,0,0
0.05903676,0.7047808,0,0
0.05917304,0.7040993,0,0
0.05920888,0.7039201,0,0
0.05915452,0.7041919,0,0
0.05935038,0.7032125,0,0
0.05928936,0.7035176,0,0
0.05902141,0.7048575,0,0
0.05879531,0.7059882,0,0
0.05820915,0.7089193,0,0
0.05735414,0.7131948,0,0
0.05598275,0.7200527,0,0
0.05408474,0.7295439,0,0
0.0523138,0.7383996,0,0
0.05076984,0.7461203,0,0
0.04962515,0.7518445,0,0
0.04892278,0.7553567,0,0
0.0485617,0.7571623,0,0
0.04857583,0.7570917,0,0
0.04944691,0.7527357,0,0
0.05125134,0.7437125,0,0
0.05272677,0.7363345,0,0
0.05264606,0.7367381,0,0
0.05233094,0.7383139,0,0
0.05197706,0.7400835,0,0
0.05173513,0.7412933,0,0
0.05172161,0.7413609,0,0
0.05227217,0.7386078,0,0
0.0520958,0.7394897,0,0
0.05125281,0.7437052,0,0
0.04998676,0.7500362,0,0
0.04862315,0.7568551,0,0
0.04751339,0.7624045,0,0
0.04660171,0.7669635,0,0
0.04587632,0.7705909,0,0
0.04614005,0.769272,0,0
0.04700936,0.764925,0,0
0.04826133,0.7586644,0,0
0.04958222,0.7520592,0,0
0.05076105,0.7461643,0,0
0.05234469,0.7382451,0,0
0.05473275,0.7263034,0,0
0.05706123,0.7146596,0,0
0.05877021,0.7061137,0,0
0.05981083,0.7009099,0,0
0.06049831,0.6974722,0,0
0.06093009,0.695313,0,0
0.06126744,0.693626,0,0
0.06092145,0.6953562,0,0
0.06006944,0.6996168,0,0
0.0590324,0.7048026,0,0
0.05785792,0.7106757,0,0
0.03876758,0.8061388,0,0
0.03745971,0.8126789,0,0
0.03645768,0.8176897,0,0
0.03616622,0.8191472,0,0
0.03598876,0.8200346,0,0
0.03585998,0.8206786,0,0
0.03615477,0.8192044,0,0
0.07884787,0.6057133,0,0
0.0783986,0.6079599,0,0
0.0780809,0.6095486,0,0
0.07801563,0.6098751,0,0
0.07820182,0.6089439,0,0
0.07870062,0.6064496,0,0
0.07967236,0.6015904,0,0
0.08071969,0.5963531,0,0
0.08102956,0.5948036,0,0
0.08079415,0.5959808,0,0
0.08007079,0.599598,0,0
0.07859627,0.6069714,0,0
0.07690172,0.6154453,0,0
0.07504451,0.6247324,0,0
0.072957,0.6351712,0,0
0.07061515,0.6468819,0,0
0.06827777,0.6585702,0,0
0.06624231,0.6687487,0,0
0.06452661,0.6773282,0,0
0.0631481,0.6842216,0,0
0.06214264,0.6892495,0,0
0.06127327,0.6935969,0,0
0.06065563,0.6966854,0,0
0.06040957,0.6979159,0,0
0.0602408,0.6987599,0,0
0.06040089,0.6979593,0,0
0.06111885,0.6943691,0,0
0.06258969,0.687014,0,0
0.064965,0.675136,0,0
0.06783568,0.6607809,0,0
0.07328404,0.6335358,0,0
0.07521705,0.6238696,0,0
0.07678296,0.6160391,0,0
0.07807457,0.6095803,0,0
0.07897393,0.6050829,0,0
0.07961977,0.6018534,0,0
0.08023649,0.5987694,0,0
0.08057119,0.5970957,0,0
0.08085577,0.5956726,0,0
0.08115683,0.5941672,0,0
0.08137204,0.593091,0,0
0.08158296,0.5920362,0,0
0.08165454,0.5916783,0,0
0.08150216,0.5924402,0,0
0.08102388,0.5948319,0,0
0.08016749,0.5991144,0,0
0.07882956,0.6058049,0,0
0.08476414,0.5761284,0,0
0.08453738,0.5772623,0,0
0.08389816,0.5804589,0,0
0.08293332,0.5852836,0,0
0.08161725,0.5918648,0,0
0.08013667,0.5992686,0,0
0.07887252,0.60559,0,0
0.0779352,0.6102772,0,0
0.07768127,0.6115471,0,0
0.07828243,0.6085408,0,0
0.07882138,0.6058457,0,0
0.07871533,0.6063761,0,0
0.07828704,0.6085178,0,0
0.07736089,0.6131491,0,0
0.07591094,0.6203998,0,0
0.07332936,0.6333092,0,0
0.07418524,0.6290293,0,0
0.07533697,0.6232699,0,0
0.07638523,0.618028,0,0
0.07731373,0.613385,0,0
0.0778309,0.6107988,0,0
0.07795712,0.6101676,0,0
0.07765955,0.6116556,0,0
0.07732304,0.6133384,0,0
0.07688587,0.6155245,0,0
0.07638797,0.6180143,0,0
0.07581588,0.6208751,0,0
0.09144466,0.5427218,0,0
0.09217855,0.5390519,0,0
0.0921268,0.5393107,0,0
0.09085765,0.5456572,0,0
0.08868832,0.5565051,0,0
0.0862763,0.5685667,0,0
0.08333596,0.5832702,0,0
0.08011307,0.5993866,0,0
0.07679427,0.6159825,0,0
0.07367128,0.6315994,0,0
0.07099652,0.6449748,0,0
0.06879884,0.6559645,0,0
0.06725081,0.6637056,0,0
0.06616499,0.6691353,0,0
0.06542474,0.672837,0,0
0.06517714,0.6740752,0,0
0.06522503,0.6738357,0,0
0.06538787,0.6730214,0,0
0.06526587,0.6736314,0,0
0.06485227,0.6756997,0,0
0.06448607,0.6775309,0,0
0.06425323,0.6786953,0,0
0.06415879,0.6791676,0,0
0.06394532,0.680235,0,0
0.06382893,0.6808171,0,0
0.0751939,0.6239854,0,0
0.07679523,0.6159778,0,0
0.07835262,0.6081899,0,0
0.07977415,0.6010814,0,0
0.0812307,0.5937977,0,0
0.08245301,0.5876855,0,0
0.08338487,0.5830256,0,0
0.08373323,0.5812836,0,0
0.08365677,0.5816659,0,0
0.08316474,0.5841264,0,0
0.08225247,0.5886883,0,0
0.08086702,0.5956163,0,0
0.07908855,0.6045098,0,0
0.06825662,0.6586759,0,0
0.06904003,0.6547584,0,0
0.0670376,0.6647717,0,0
0.06754147,0.6622521,0,0
0.06802966,0.6598108,0,0
0.06838886,0.6580147,0,0
0.06855977,0.65716,0,0
0.06661439,0.6668881,0,0
0.06518859,0.6740179,0,0
0.06360549,0.6819344,0,0
0.06221681,0.6888786,0,0
0.06149945,0.6924658,0,0
0.06133873,0.6932696,0,0
0.061345,0.6932382,0,0
0.06132131,0.6933566,0,0
0.06127379,0.6935943,0,0
0.0609761,0.6950829,0,0
0.06048454,0.697541,0,0
0.06003493,0.6997893,0,0
0.05951113,0.7024087,0,0
0.05897184,0.7051054,0,0
0.05858569,0.7070364,0,0
