0.0714632,0.6426411,0,0
0.07323369,0.6337876,0,0
0.07544524,0.6227285,0,0
0.07765762,0.6116653,0,0
0.0787713,0.6060962,0,0
0.07943171,0.6027938,0,0
0.07701975,0.614855,0,0
0.07769988,0.611454,0,0
0.07874505,0.6062275,0,0
0.08066318,0.5966357,0,0
0.08219615,0.5889699,0,0
0.08373586,0.5812705,0,0
0.08464139,0.5767423,0,0
0.08501399,0.5748791,0,0
0.08532479,0.5733248,0,0
0.08597185,0.5700892,0,0
0.08604892,0.5697038,0,0
0.0856509,0.5716941,0,0
0.08453444,0.5772771,0,0
0.082867,0.5856153,0,0
0.08146667,0.5926177,0,0
0.08151938,0.5923542,0,0
0.08212388,0.5893313,0,0
0.08161889,0.5918566,0,0
0.07949636,0.6024705,0,0
0.07436314,0.6281397,0,0
0.06972835,0.6513164,0,0
0.06518495,0.6740361,0,0
0.05895455,0.7051919,0,0
0.05318399,0.7340481,0,0
0.04939682,0.7529863,0,0
0.05384448,0.7307453,0,0
0.05847126,0.7076086,0,0
0.07082439,0.6458355,0,0
0.06564977,0.6717117,0,0
0.06111417,0.6943924,0,0
0.05755125,0.7122092,0,0
0.0550853,0.7245405,0,0
0.05355378,0.732199,0,0
0.05255508,0.737193,0,0
0.05200856,0.739926,0,0
0.05185989,0.7406694,0,0
0.05281383,0.7358992,0,0
0.05574454,0.7212439,0,0
0.06101566,0.6948851,0,0
0.07379154,0.630998,0,0
0.06828505,0.6585338,0,0
0.0630656,0.6846342,0,0
0.05862733,0.7068282,0,0
0.05617927,0.7190699,0,0
0.0548145,0.7258946,0,0
0.05508365,0.7245487,0,0
0.05586338,0.7206496,0,0
0.05665299,0.716701,0,0
0.05702772,0.7148271,0,0
0.0568808,0.7155619,0,0
0.05581672,0.7208829,0,0
0.05563445,0.7217944,0,0
0.05545157,0.7227089,0,0
0.05594479,0.7202424,0,0
0.05890318,0.7054487,0,0
0.07637983,0.618055,0,0
0.07359581,0.6319768,0,0
0.06983673,0.6507744,0,0
0.0650847,0.6745374,0,0
0.06057269,0.6971002,0,0
0.05936629,0.7031329,0,0
0.05979526,0.7009878,0,0
0.06047067,0.6976103,0,0
0.06166879,0.691619,0,0
0.06240876,0.6879187,0,0
0.06273879,0.6862684,0,0
0.06270478,0.6864384,0,0
0.062456,0.6876825,0,0
0.06189204,0.6905026,0,0
0.06117978,0.6940644,0,0
0.06075237,0.6962017,0,0
0.0605996,0.6969656,0,0
0.06009834,0.6994722,0,0
0.05969594,0.7014844,0,0
0.0593771,0.7030789,0,0
0.05904692,0.7047299,0,0
0.05903054,0.7048119,0,0
0.05966644,0.701632,0,0
0.06075186,0.6962042,0,0
0.06148819,0.6925222,0,0
0.06222624,0.6888314,0,0
0.06316569,0.6841336,0,0
0.06522028,0.6738594,0,0
0.067707,0.6614243,0,0
0.07075296,0.6461927,0,0
0.06553759,0.6722727,0,0
0.06314992,0.6842124,0,0
0.06455363,0.6771932,0,0
0.06651763,0.6673719,0,0
0.06840807,0.6579186,0,0
0.06843304,0.6577937,0,0
0.06754573,0.6622308,0,0
0.06649838,0.6674682,0,0
0.06617863,0.6690671,0,0
0.06569839,0.6714687,0,0
0.06424771,0.6787229,0,0
0.06244834,0.6877208,0,0
0.06121675,0.6938795,0,0
0.06242133,0.6878559,0,0
0.06450971,0.6774127,0,0
0.07453461,0.6272822,0,0
0.07273614,0.6362756,0,0
0.06985807,0.6506677,0,0
0.0653362,0.6732798,0,0
0.06307758,0.6845742,0,0
0.06342947,0.6828145,0,0
0.06346147,0.6826546,0,0
0.06299236,0.6850004,0,0
0.0625966,0.6869795,0,0
0.06245608,0.6876821,0,0
0.06191878,0.690369,0,0
0.060898,0.6954734,0,0
0.05997212,0.7001034,0,0
0.05920543,0.7039373,0,0
0.05866277,0.7066509,0,0
0.05847233,0.7076033,0,0
0.05883982,0.7057656,0,0
0.05925876,0.7036706,0,0
0.05952281,0.7023502,0,0
0.05965914,0.7016685,0,0
0.06200623,0.6899316,0,0
0.0646841,0.6765407,0,0
0.0626977,0.6864739,0,0
0.06047849,0.6975712,0,0
0.05992283,0.7003499,0,0
0.06057734,0.6970769,0,0
0.0615092,0.6924171,0,0
0.06168428,0.6915416,0,0
0.06076166,0.6961552,0,0
0.05918108,0.7040591,0,0
0.05607865,0.7195731,0,0
0.05262686,0.7368341,0,0
0.05010845,0.7494277,0,0
0.04933647,0.7532881,0,0
0.04943303,0.7528052,0,0
0.05155752,0.7421815,0,0
0.05185582,0.7406898,0,0
0.05241916,0.7378727,0,0
0.05402379,0.7298486,0,0
0.05666201,0.716656,0,0
0.06027732,0.6985772,0,0
0.06519507,0.6739855,0,0
0.0610877,0.6945248,0,0
0.05652761,0.717328,0,0
0.05221435,0.7388969,0,0
0.04840564,0.7579427,0,0
0.04439856,0.7779806,0,0
0.04201276,0.789911,0,0
0.03584037,0.8207766,0,0
0.03557856,0.8220859,0,0
0.03590807,0.8204381,0,0
0.03671502,0.8164029,0,0
0.03816389,0.8091577,0,0
0.04022064,0.7988726,0,0
0.0425599,0.7871749,0,0
0.04539825,0.7729815,0,0
0.04704617,0.7647409,0,0
0.04820699,0.7589361,0,0
0.04914166,0.7542622,0,0
0.05009706,0.7494846,0,0
0.05005504,0.7496948,0,0
0.04885903,0.7556756,0,0
0.0472145,0.7638992,0,0
0.04633592,0.7682926,0,0
0.04419133,0.7790168,0,0
0.04371965,0.7813755,0,0
0.04390188,0.7804643,0,0
0.04438882,0.7780293,0,0
0.04496948,0.7751256,0,0
0.04547853,0.77258,0,0
0.04608549,0.7695449,0,0
0.04625604,0.7686921,0,0
0.04613397,0.7693025,0,0
0.04622407,0.7688519,0,0
0.04646033,0.7676705,0,0
0.04679658,0.765989,0,0
0.04698647,0.7650394,0,0
0.0465043,0.7674506,0,0
0.04462568,0.7768449,0,0
0.04381916,0.7808779,0,0
0.04378132,0.7810671,0,0
0.04382176,0.7808649,0,0
0.04402266,0.7798603,0,0
0.04566566,0.7716443,0,0
0.04686803,0.7656317,0,0
0.04735013,0.7632209,0,0
0.04811713,0.7593855,0,0
0.04816237,0.7591593,0,0
0.04816331,0.7591546,0,0
0.04804081,0.7597671,0,0
0.04774976,0.7612225,0,0
0.04558294,0.772058,0,0
0.04354726,0.7822376,0,0
0.0426557,0.7866959,0,0
0.04244971,0.787726,0,0
0.04252494,0.7873498,0,0
0.04265929,0.786678,0,0
0.04273687,0.78629,0,0
0.04244338,0.7877576,0,0
0.04205688,0.7896903,0,0
0.04254749,0.787237,0,0
0.04451777,0.7773845,0,0
0.04629157,0.7685143,0,0
0.04757144,0.7621142,0,0
0.04854219,0.7572599,0,0
0.04857108,0.7571154,0,0
0.04804232,0.7597596,0,0
0.04774321,0.7612553,0,0
0.04751153,0.7624139,0,0
0.04733212,0.763311,0,0
0.04705974,0.7646731,0,0
0.04628332,0.7685556,0,0
0.04461569,0.7768948,0,0
0.04340466,0.7829506,0,0
0.04308846,0.7845318,0,0
0.04395945,0.7801763,0,0
0.04387322,0.7806076,0,0
0.04379554,0.780996,0,0
0.04501584,0.7748938,0,0
0.04707796,0.7645819,0,0
0.04801001,0.7599211,0,0
0.04861838,0.7568789,0,0
0.04924449,0.753748,0,0
0.04787511,0.7605957,0,0
0.0457854,0.7710455,0,0
0.04400162,0.7799655,0,0
0.04387902,0.7805786,0,0
0.04453616,0.7772925,0,0
0.04502381,0.7748539,0,0
0.04611141,0.7694153,0,0
0.04759585,0.7619922,0,0
0.04907829,0.7545791,0,0
0.0503363,0.7482883,0,0
0.05047153,0.7476121,0,0
0.05039303,0.7480046,0,0
0.04969839,0.7514783,0,0
0.0494423,0.7527588,0,0
0.04892194,0.755361,0,0
0.0474685,0.762629,0,0
0.04558545,0.7720454,0,0
0.0452381,0.7737824,0,0
0.04540959,0.7729248,0,0
0.04577799,0.7710826,0,0
0.04591694,0.7703877,0,0
0.04497743,0.7750859,0,0
0.04475269,0.7762097,0,0
0.04468397,0.7765533,0,0
0.04479457,0.7760003,0,0
0.04510437,0.7744511,0,0
0.04548609,0.7725423,0,0
0.04598467,0.770049,0,0
0.04636341,0.7681551,0,0
0.04687104,0.7656167,0,0
0.04798911,0.7600256,0,0
0.04931374,0.7534017,0,0
0.05074459,0.7462466,0,0
0.05155011,0.7422185,0,0
0.05206927,0.7396224,0,0
0.05216577,0.7391399,0,0
0.05170345,0.7414517,0,0
0.05101843,0.7448772,0,0
0.0504263,0.7478383,0,0
0.04970913,0.7514245,0,0
0.04920652,0.7539379,0,0
0.04861882,0.7568767,0,0
0.04868451,0.7565482,0,0
0.04931531,0.7533939,0,0
0.0503055,0.7484423,0,0
0.05174659,0.741236,0,0
0.053486,0.7325379,0,0
0.05592934,0.7203197,0,0
0.05921786,0.7038751,0,0
0.04625245,0.76871,0,0
0.04213372,0.7893061,0,0
0.04013355,0.7993082,0,0
0.04324277,0.7837602,0,0
0.046735,0.7662969,0,0
0.06226958,0.6886147,0,0
0.05782636,0.7108335,0,0
0.05329471,0.7334945,0,0
0.04697458,0.7650989,0,0
0.04664652,0.7667394,0,0
0.04803273,0.7598075,0,0
0.05044583,0.7477406,0,0
0.05490908,0.7254216,0,0
0.07411257,0.6293927,0,0
0.06819796,0.6589693,0,0
0.05864504,0.7067396,0,0
0.06056844,0.6971214,0,0
0.06528423,0.6735397,0,0
0.0741626,0.6291425,0,0
0.06980116,0.6509523,0,0
0.06627803,0.66857,0,0
0.06382322,0.6808456,0,0
0.06023551,0.6987863,0,0
0.05966976,0.7016154,0,0
0.06066693,0.696629,0,0
0.06305832,0.6846706,0,0
0.06572077,0.6713567,0,0
0.06946902,0.6526132,0,0
0.08661663,0.5668649,0,0
0.08430235,0.5784376,0,0
0.08273675,0.5862666,0,0
0.08818049,0.5590446,0,0
0.09068917,0.5464997,0,0
0.1021986,0.4889459,0,0
0.09901196,0.5048808,0,0
0.09622611,0.5188117,0,0
0.09441411,0.5278728,0,0
0.09278668,0.5360109,0,0
0.09166592,0.5416154,0,0
0.09364382,0.5317247,0,0
