1.943607,1.680709,0.85,0
1.444396,1.683561,0.85,0
1.142297,1.692166,0.85,0
0.872139,1.601852,0.85,0
0.6699014,1.526539,0.85,0
0.5187705,1.482482,0.85,0
-0.08868089,1.601064,0.85,0
-0.3350587,1.589492,0.85,0
-0.523681,1.571115,0.85,0
-0.8006761,1.549372,0.85,0
-1.090856,1.523337,0.85,0
-1.434245,1.498325,0.85,0
-1.586287,1.498176,0.85,0
-1.607533,1.545943,0.85,0
-1.459692,1.788391,0.85,0
-1.25711,2.041528,0.85,0
-1.109817,2.143751,0.85,0
-0.8992374,2.175131,0.85,0
-0.5774353,2.129332,0.85,0
-0.1855264,2.042356,0.85,0
0.2336543,1.942588,0.85,0
0.7187136,1.866673,0.85,0
1.180763,1.814683,0.85,0
1.466189,1.732499,0.85,0
1.252521,1.658365,0.85,0
0.6610394,1.601969,0.85,0
0.2962728,1.563405,0.85,0
0.07882483,1.497737,0.85,0
-0.02448605,1.475043,0.85,0
-0.05991411,1.485647,0.85,0
0.1969963,1.615848,0.85,0
0.5929774,1.593744,0.85,0
1.242361,1.446811,0.85,0
1.685832,1.168586,0.85,0
0.805607,1.402423,0.85,0
0.3624845,1.485338,0.85,0
0.1284163,1.517827,0.85,0
-0.01237295,1.526423,0.85,0
-0.1004859,1.534007,0.85,0
-0.165006,1.537937,0.85,0
-0.1904469,1.551124,0.85,0
-0.03179085,1.564913,0.85,0
0.154623,1.564185,0.85,0
0.5964227,1.499482,0.85,0
1.591888,1.258805,0.85,0
2.340853,1.235277,0.85,0
1.465529,1.337033,0.85,0
0.7495232,1.462959,0.85,0
0.2933193,1.541196,0.85,0
0.03031631,1.55138,0.85,0
-0.1396308,1.555624,0.85,0
-0.1970672,1.558548,0.85,0
-0.2568456,1.570435,0.85,0
-0.3099863,1.569101,0.85,0
-0.3297494,1.583534,0.85,0
-0.3514231,1.588221,0.85,0
-0.3109506,1.57851,0.85,0
-0.2085813,1.592365,0.85,0
-0.03860092,1.602451,0.85,0
0.2398204,1.584259,0.85,0
0.954517,1.43859,0.85,0
2.408252,1.193352,0.85,0
2.163216,1.288684,0.85,0
1.71269,1.356831,0.85,0
0.9732375,1.45575,0.85,0
0.3275142,1.554933,0.85,0
-0.05312712,1.572688,0.85,0
-0.1904971,1.57089,0.85,0
-0.2612421,1.584307,0.85,0
-0.3483953,1.588511,0.85,0
-0.3949259,1.59923,0.85,0
-0.438053,1.600498,0.85,0
-0.458213,1.602078,0.85,0
-0.4595024,1.599078,0.85,0
-0.3949061,1.601182,0.85,0
-0.2800891,1.609494,0.85,0
-0.1513062,1.612888,0.85,0
-0.02220151,1.623148,0.85,0
0.0359371,1.616336,0.85,0
0.04576126,1.616235,0.85,0
0.06479535,1.621796,0.85,0
0.08284925,1.618735,0.85,0
0.08896555,1.590784,0.85,0
0.08479479,1.57663,0.85,0
0.1150607,1.568489,0.85,0
0.186128,1.551803,0.85,0
0.256645,1.546983,0.85,0
0.3787691,1.506952,0.85,0
0.6527444,1.440117,0.85,0
1.161783,1.356643,0.85,0
2.355466,1.055098,0.85,0
0.5923588,1.550966,0.85,0
-0.01646325,1.609542,0.85,0
-0.3927536,1.552394,0.85,0
-0.5594543,1.548896,0.85,0
-0.6646707,1.567564,0.85,0
-0.6663761,1.576205,0.85,0
-0.6536626,1.590909,0.85,0
-0.6363152,1.605474,0.85,0
-0.5732576,1.589632,0.85,0
-0.4872304,1.604169,0.85,0
-0.3100376,1.633191,0.85,0
-0.06757338,1.644797,0.85,0
0.3774576,1.634612,0.85,0
1.22386,1.510436,0.85,0
2.392212,1.292593,0.85,0
2.263114,1.417351,0.85,0
2.070965,1.36007,0.85,0
1.697447,1.419883,0.85,0
0.5468265,1.584397,0.85,0
-0.009302147,1.628643,0.85,0
-0.4280327,1.559079,0.85,0
-0.5183699,1.512898,0.85,0
-0.460216,1.524386,0.85,0
-0.4077442,1.536269,0.85,0
-0.3681429,1.534435,0.85,0
-0.234502,1.56065,0.85,0
-0.1596962,1.554469,0.85,0
-0.1078447,1.560468,0.85,0
-0.087598,1.56023,0.85,0
-0.08681838,1.582151,0.85,0
-0.09329255,1.59704,0.85,0
-0.1182795,1.600237,0.85,0
-0.1205745,1.596525,0.85,0
-0.0229435,1.600162,0.85,0
0.234139,1.603929,0.85,0
1.028051,1.544564,0.85,0
2.249072,1.370986,0.85,0
1.340693,1.413271,0.85,0
0.5461502,1.54817,0.85,0
0.1882771,1.586757,0.85,0
0.04401048,1.577523,0.85,0
0.0006298795,1.58296,0.85,0
-0.002927691,1.606231,0.85,0
0.001935974,1.609513,0.85,0
0.01706795,1.600007,0.85,0
0.0259762,1.585152,0.85,0
0.02576257,1.567664,0.85,0
0.03386202,1.560557,0.85,0
0.05411777,1.545996,0.85,0
0.103192,1.572827,0.85,0
0.3513443,1.544544,0.85,0
0.486953,1.480708,0.85,0
0.7585069,1.413545,0.85,0
1.111639,1.335111,0.85,0
1.714444,1.220349,0.85,0
2.409001,1.022803,0.85,0
2.010894,1.271255,0.85,0
1.103866,1.480543,0.85,0
0.6430895,1.554945,0.85,0
0.4630977,1.533545,0.85,0
0.4234999,1.520182,0.85,0
0.3578074,1.536421,0.85,0
0.3210339,1.561492,0.85,0
0.3364129,1.550513,0.85,0
0.4026199,1.536955,0.85,0
0.5233957,1.512244,0.85,0
0.6699092,1.475819,0.85,0
0.8714074,1.428901,0.85,0
1.112517,1.384423,0.85,0
1.38194,1.330813,0.85,0
1.683409,1.280999,0.85,0
1.731897,1.283731,0.85,0
1.635764,1.30055,0.85,0
1.572497,1.280345,0.85,0
1.468817,1.279423,0.85,0
1.233387,1.33058,0.85,0
0.8489463,1.456123,0.85,0
0.5909649,1.540493,0.85,0
0.5400782,1.542384,0.85,0
0.5387691,1.555014,0.85,0
0.5819046,1.533959,0.85,0
0.7265973,1.493871,0.85,0
1.007805,1.405289,0.85,0
1.402114,1.258255,0.85,0
1.613714,1.212881,0.85,0
1.811203,1.157125,0.85,0
1.900445,1.18778,0.85,0
1.726233,1.24999,0.85,0
1.671413,1.253738,0.85,0
1.716847,1.207084,0.85,0
1.806301,1.162345,0.85,0
1.762261,1.160376,0.85,0
1.353142,1.307539,0.85,0
0.6948222,1.523036,0.85,0
0.5151147,1.551544,0.85,0
0.4880818,1.551993,0.85,0
0.4935412,1.577255,0.85,0
0.6077886,1.535435,0.85,0
1.160314,1.405616,0.85,0
1.965315,1.177341,0.85,0
2.118719,1.163743,0.85,0
2.410468,1.110298,0.85,0
2.321098,1.144794,0.85,0
2.300611,1.134025,0.85,0
2.30801,1.095199,0.85,0
2.054464,1.156933,0.85,0
0.9334532,1.4789,0.85,0
0.535596,1.558833,0.85,0
0.3942294,1.580499,0.85,0
0.3922676,1.579378,0.85,0
0.4028935,1.583393,0.85,0
0.4043646,1.597354,0.85,0
0.4140424,1.616977,0.85,0
0.4331165,1.612802,0.85,0
0.4668307,1.598664,0.85,0
0.6141248,1.565687,0.85,0
1.107961,1.459169,0.85,0
1.760815,1.290096,0.85,0
2.257006,1.175285,0.85,0
2.422606,1.166225,0.85,0
2.160634,1.302436,0.85,0
1.952163,1.297424,0.85,0
1.850204,1.297689,0.85,0
1.760385,1.303746,0.85,0
1.698884,1.307323,0.85,0
1.56126,1.340029,0.85,0
1.149224,1.44724,0.85,0
0.6814913,1.547597,0.85,0
0.446851,1.581985,0.85,0
0.373276,1.577735,0.85,0
0.3753096,1.580422,0.85,0
0.3988714,1.592375,0.85,0
0.4630374,1.570233,0.85,0
0.7598495,1.528052,0.85,0
1.448757,1.442363,0.85,0
1.77166,1.378884,0.85,0
1.922349,1.371823,0.85,0
2.283856,1.328289,0.85,0
1.452189,1.427625,0.85,0
0.7564311,1.530682,0.85,0
0.4674747,1.512636,0.85,0
0.4430245,1.474473,0.85,0
0.4365742,1.525577,0.85,0
0.5315773,1.546335,0.85,0
0.7190555,1.527135,0.85,0
1.011499,1.481359,0.85,0
1.362719,1.452596,0.85,0
1.993879,1.370922,0.85,0
2.271017,1.266288,0.85,0
2.41997,1.195859,0.85,0
2.311455,1.189421,0.85,0
2.130181,1.200391,0.85,0
1.702311,1.275791,0.85,0
1.081076,1.422099,0.85,0
0.6325771,1.515937,0.85,0
0.5358447,1.532619,0.85,0
0.5102772,1.53762,0.85,0
0.4966133,1.546325,0.85,0
0.4785252,1.554518,0.85,0
0.4596168,1.551013,0.85,0
0.4988472,1.548229,0.85,0
0.5354972,1.5397,0.85,0
0.5794148,1.527371,0.85,0
0.5899419,1.537263,0.85,0
0.5599625,1.541113,0.85,0
0.5434335,1.54611,0.85,0
0.5308735,1.533333,0.85,0
0.5269036,1.513752,0.85,0
0.5534719,1.508971,0.85,0
0.5871144,1.514378,0.85,0
0.6029354,1.523243,0.85,0
0.6025065,1.542115,0.85,0
0.5850961,1.579899,0.85,0
0.5595161,1.604267,0.85,0
0.5365146,1.630505,0.85,0
0.5253478,1.626731,0.85,0
0.5002912,1.624473,0.85,0
0.4571571,1.632258,0.85,0
0.4263136,1.642096,0.85,0
0.4171121,1.638144,0.85,0
0.4232911,1.628563,0.85,0
0.4424833,1.643057,0.85,0
0.4829098,1.628909,0.85,0
0.5644984,1.599316,0.85,0
0.691503,1.575341,0.85,0
0.9503472,1.529986,0.85,0
1.640008,1.424545,0.85,0
1.092522,1.429491,0.85,0
0.7705959,1.491912,0.85,0
0.8107263,1.566491,0.85,0
1.042832,1.511306,0.85,0
1.791625,1.326446,0.85,0
2.434698,1.277216,0.85,0
1.315337,1.471843,0.85,0
0.9970964,1.50993,0.85,0
1.017269,1.518125,0.85,0
1.134633,1.43883,0.85,0
1.278891,1.35883,0.85,0
1.517993,1.311339,0.85,0
2.379092,1.121717,0.85,0
1.987517,1.277972,0.85,0
1.251335,1.482449,0.85,0
1.217411,1.36868,0.85,0
1.381453,1.322374,0.85,0
2.192717,1.191829,0.85,0
1.741936,1.416591,0.85,0
1.205984,1.542616,0.85,0
1.008402,1.586821,0.85,0
0.9483237,1.595402,0.85,0
0.9211597,1.616609,0.85,0
0.9410979,1.631151,0.85,0
1.035949,1.613499,0.85,0
1.218551,1.586322,0.85,0
1.449151,1.541623,0.85,0
2.235626,1.331958,0.85,0
2.349806,1.189106,0.85,0
1.661861,1.385346,0.85,0
1.456813,1.463481,0.85,0
1.725814,1.40967,0.85,0
2.390197,1.111015,0.85,0
2.030753,1.341712,0.85,0
1.726549,1.456541,0.85,0
1.585667,1.516046,0.85,0
1.519707,1.541888,0.85,0
1.478815,1.550439,0.85,0
1.463023,1.541597,0.85,0
1.646518,1.470807,0.85,0
1.970523,1.325166,0.85,0
2.439405,1.148718,0.85,0
