0.08267669,0.5865669,0,0
0.08274155,0.5862426,0,0
0.08278779,0.5860114,0,0
0.08279937,0.5859535,0,0
0.08289871,0.5854567,0,0
0.08331363,0.5833818,0,0
0.08376487,0.5811254,0,0
0.08407228,0.5795882,0,0
0.08433217,0.5782886,0,0
0.08434179,0.5782405,0,0
0.0844059,0.5779198,0,0
0.08452363,0.5773311,0,0
0.08463854,0.5767565,0,0
0.08465794,0.5766595,0,0
0.08232786,0.5883113,0,0
0.08228793,0.588511,0,0
0.08264994,0.5867007,0,0
0.08277667,0.586067,0,0
0.08303528,0.5847737,0,0
0.08322312,0.5838345,0,0
0.08334769,0.5832115,0,0
0.0836234,0.5818328,0,0
0.08374833,0.5812081,0,0
0.08411607,0.5793691,0,0
0.08458944,0.577002,0,0
0.08543599,0.5727688,0,0
0.08646204,0.5676379,0,0
0.08654036,0.5672463,0,0
0.08658092,0.5670434,0,0
0.08783641,0.5607653,0,0
0.08918069,0.5540431,0,0
0.09007644,0.5495638,0,0
0.0907018,0.5464366,0,0
0.09111882,0.5443512,0,0
0.0862068,0.5689142,0,0
0.08611872,0.5693547,0,0
0.08582094,0.5708438,0,0
0.08581552,0.5708709,0,0
0.08602145,0.5698411,0,0
0.08654525,0.5672218,0,0
0.08751162,0.5623894,0,0
0.08829741,0.5584599,0,0
0.08838454,0.5580243,0,0
0.08807274,0.5595834,0,0
0.08014975,0.5992032,0,0
0.08013198,0.599292,0,0
0.08016662,0.5991188,0,0
0.08017457,0.599079,0,0
0.08019937,0.598955,0,0
0.08028776,0.598513,0,0
0.08046442,0.5976295,0,0
0.08052901,0.5973066,0,0
0.08068275,0.5965378,0,0
0.08086468,0.5956281,0,0
0.08105648,0.594669,0,0
0.08122966,0.5938029,0,0
0.08133551,0.5932736,0,0
0.08132643,0.593319,0,0
0.08126029,0.5936498,0,0
0.08130042,0.5934491,0,0
0.08133115,0.5932955,0,0
0.08139228,0.5929897,0,0
0.08174739,0.591214,0,0
0.08136208,0.5931407,0,0
0.08089382,0.5954823,0,0
0.08050743,0.5974145,0,0
0.08081287,0.5958871,0,0
0.08155548,0.5921736,0,0
0.08360372,0.5819312,0,0
0.08539927,0.5729524,0,0
0.0868739,0.5655783,0,0
0.08803217,0.5597863,0,0
0.08830026,0.5584457,0,0
0.08756896,0.5621026,0,0
0.08666999,0.5665981,0,0
0.08574561,0.5712205,0,0
0.08487084,0.5755949,0,0
0.08434352,0.5782318,0,0
0.08371088,0.5813954,0,0
0.08231043,0.5883985,0,0
0.08146752,0.5926135,0,0
0.07678044,0.6160517,0,0
0.07790992,0.6104037,0,0
0.07842732,0.6078163,0,0
0.07937841,0.6030603,0,0
0.07998382,0.6000329,0,0
0.08000396,0.5999321,0,0
0.07994573,0.6002234,0,0
0.07959207,0.6019919,0,0
0.07944017,0.6027515,0,0
0.07949404,0.6024821,0,0
0.079497,0.6024673,0,0
0.0794821,0.6025418,0,0
0.07941395,0.6028826,0,0
0.07944497,0.6027275,0,0
0.07938011,0.6030518,0,0
0.07393008,0.6303052,0,0
0.07334623,0.6332248,0,0
0.07262034,0.6368547,0,0
0.07124398,0.6437374,0,0
0.06987588,0.6505787,0,0
0.07600563,0.6199262,0,0
0.07692517,0.615328,0,0
0.07662161,0.616846,0,0
0.0570836,0.7145478,0,0
0.05582628,0.7208351,0,0
0.05620528,0.7189398,0,0
0.05716936,0.7141188,0,0
0.05865487,0.7066904,0,0
0.04536172,0.7731642,0,0
0.04421168,0.778915,0,0
0.043404,0.782954,0,0
0.04284733,0.7857376,0,0
0.04241578,0.7878956,0,0
0.04222029,0.7888732,0,0
0.04217017,0.7891238,0,0
0.0421909,0.7890202,0,0
0.0422152,0.7888986,0,0
0.04215451,0.7892022,0,0
0.04205235,0.789713,0,0
0.04189515,0.7904991,0,0
0.04178167,0.7910666,0,0
0.04172529,0.7913485,0,0
0.04172063,0.7913718,0,0
0.04167766,0.7915867,0,0
0.04165021,0.791724,0,0
0.04156504,0.7921498,0,0
0.04146146,0.7926678,0,0
0.04137757,0.7930873,0,0
0.04125801,0.7936852,0,0
0.04109985,0.7944761,0,0
0.04102125,0.7948691,0,0
0.04084073,0.7957718,0,0
0.0407089,0.7964311,0,0
0.04054427,0.7972543,0,0
0.04048288,0.7975613,0,0
0.04049052,0.7975231,0,0
0.04057207,0.7971153,0,0
0.04063949,0.7967781,0,0
0.04069931,0.796479,0,0
0.04073852,0.7962829,0,0
0.04075242,0.7962134,0,0
0.04073315,0.7963098,0,0
0.04071298,0.7964107,0,0
0.04068408,0.7965552,0,0
0.04072211,0.796365,0,0
0.04065134,0.7967189,0,0
0.04068419,0.7965546,0,0
0.04062112,0.79687,0,0
0.04059224,0.7970144,0,0
0.04055487,0.7972013,0,0
0.04058037,0.7970738,0,0
0.04052708,0.7973403,0,0
0.04050103,0.7974706,0,0
0.04050012,0.7974751,0,0
0.04048261,0.7975627,0,0
0.04048682,0.7975416,0,0
0.04044688,0.7977413,0,0
0.04041341,0.7979087,0,0
0.04038355,0.798058,0,0
0.04039258,0.7980129,0,0
0.04038345,0.7980585,0,0
0.04028036,0.798574,0,0
0.04016164,0.7991677,0,0
0.04008012,0.7995753,0,0
0.04003974,0.7997773,0,0
0.04004069,0.7997725,0,0
0.04001037,0.7999241,0,0
0.03998291,0.8000615,0,0
0.03989175,0.8005173,0,0
0.0398809,0.8005716,0,0
0.04000856,0.7999332,0,0
0.04031418,0.7984049,0,0
0.04069255,0.7965128,0,0
0.04112644,0.7943431,0,0
0.0414531,0.7927096,0,0
0.04163311,0.7918094,0,0
0.04158622,0.7920439,0,0
0.04149998,0.7924752,0,0
0.0413791,0.7930797,0,0
0.04124003,0.7937751,0,0
0.04118424,0.794054,0,0
0.04117755,0.7940875,0,0
0.04123934,0.7937785,0,0
0.04130475,0.7934514,0,0
0.04123489,0.7938008,0,0
0.04124739,0.7937383,0,0
0.04124109,0.7937698,0,0
0.04118577,0.7940465,0,0
0.04114997,0.7942255,0,0
0.04130563,0.793447,0,0
0.04137771,0.7930866,0,0
0.0415014,0.7924681,0,0
0.04159885,0.7919807,0,0
0.041652,0.791715,0,0
0.04165592,0.7916954,0,0
0.04163881,0.7917809,0,0
0.04166073,0.7916713,0,0
0.04170828,0.7914336,0,0
0.04178593,0.7910452,0,0
0.04178915,0.7910292,0,0
0.04186127,0.7906685,0,0
0.0419189,0.7903804,0,0
0.04193659,0.7902918,0,0
0.04183266,0.7908116,0,0
0.04169973,0.7914763,0,0
0.041727,0.79134,0,0
0.04173088,0.7913206,0,0
0.04174616,0.7912441,0,0
0.04182572,0.7908463,0,0
0.04179661,0.7909919,0,0
0.04167663,0.7915919,0,0
0.04166298,0.7916601,0,0
0.04169852,0.7914824,0,0
0.04172191,0.7913654,0,0
0.04161557,0.7918972,0,0
0.04153946,0.7922778,0,0
0.0415026,0.7924621,0,0
0.04159377,0.7920062,0,0
0.0416128,0.791911,0,0
0.04162283,0.7918609,0,0
0.04162568,0.7918466,0,0
0.04159833,0.7919834,0,0
0.04154433,0.7922534,0,0
0.04151093,0.7924204,0,0
0.04147107,0.7926198,0,0
0.04149233,0.7925134,0,0
0.04150663,0.7924419,0,0
0.04146512,0.7926495,0,0
0.04139746,0.7929878,0,0
0.04135337,0.7932083,0,0
0.04129335,0.7935085,0,0
0.04123031,0.7938237,0,0
0.04113959,0.7942774,0,0
0.04105744,0.7946882,0,0
0.04094483,0.7952513,0,0
0.04089373,0.7955068,0,0
0.04088402,0.7955554,0,0
0.04092767,0.7953371,0,0
0.04090102,0.7954704,0,0
0.04090577,0.7954466,0,0
0.04085625,0.7956942,0,0
0.04066979,0.7966266,0,0
0.04055675,0.7971919,0,0
0.04049159,0.7975178,0,0
0.04043389,0.7978063,0,0
0.04041142,0.7979186,0,0
0.04044474,0.797752,0,0
0.04047578,0.7975968,0,0
0.04051234,0.797414,0,0
0.0404268,0.7978417,0,0
0.04039292,0.7980111,0,0
0.04031228,0.7984144,0,0
0.04015758,0.799188,0,0
0.04010882,0.7994319,0,0
0.04003832,0.7997844,0,0
0.03993098,0.8003211,0,0
0.03981742,0.800889,0,0
0.03969123,0.80152,0,0
0.03959292,0.8020117,0,0
0.03958625,0.802045,0,0
0.0395012,0.8024703,0,0
0.03946688,0.8026419,0,0
0.0394246,0.8028533,0,0
0.03937218,0.8031154,0,0
0.03928937,0.8035296,0,0
0.03925304,0.8037112,0,0
0.03800327,0.8099608,0,0
0.03772915,0.8113316,0,0
0.03747163,0.8126193,0,0
0.03732569,0.8133491,0,0
0.03728252,0.813565,0,0
0.03729517,0.8135018,0,0
0.03729859,0.8134847,0,0
0.03728974,0.8135289,0,0
0.03726988,0.8136282,0,0
0.03720345,0.8139604,0,0
0.03718053,0.8140751,0,0
0.03725566,0.8136993,0,0
0.03793354,0.8103095,0,0
0.07067524,0.6465814,0,0
0.06906983,0.6546094,0,0
0.0678426,0.6607463,0,0
0.06721207,0.6638993,0,0
0.06727027,0.6636083,0,0
0.06808487,0.6595348,0,0
0.06903996,0.6547588,0,0
0.06942651,0.6528258,0,0
0.06876747,0.6561214,0,0
0.06824474,0.6587353,0,0
0.06848202,0.6575488,0,0
0.06907178,0.6545996,0,0
0.06975865,0.6511649,0,0
0.07029429,0.6484864,0,0
0.07060841,0.6469156,0,0
0.07088687,0.6455231,0,0
0.0710867,0.6445238,0,0
0.07129566,0.6434789,0,0
0.07161109,0.6419016,0,0
0.07201039,0.6399048,0,0
0.07202986,0.6398075,0,0
0.07153292,0.6422925,0,0
0.07007157,0.6496001,0,0
0.06909127,0.6545022,0,0
0.06918612,0.6540279,0,0
0.06941476,0.6528845,0,0
0.05842596,0.7078351,0,0
0.05681337,0.7158991,0,0
0.05646031,0.7176645,0,0
0.05746067,0.7126622,0,0
0.05888778,0.7055258,0,0
0.05964355,0.7017464,0,0
0.05777283,0.7111012,0,0
0.0553946,0.7229938,0,0
0.05210601,0.7394387,0,0
0.05034448,0.7482474,0,0
0.03014199,0.849272,0,0
0.02839791,0.8579934,0,0
0.02752517,0.8623577,0,0
0.02700181,0.8649747,0,0
0.02661465,0.8669108,0,0
0.02638098,0.8680792,0,0
0.0265062,0.8674531,0,0
0.02673572,0.8663054,0,0
0.02686674,0.8656502,0,0
0.02700549,0.8649563,0,0
0.02720737,0.8639468,0,0
0.02736648,0.8631511,0,0
0.02744677,0.8627497,0,0
0.02751198,0.8624236,0,0
0.02749928,0.8624871,0,0
0.0273633,0.863167,0,0
0.0271447,0.8642602,0,0
0.02698505,0.8650585,0,0
0.02676474,0.8661602,0,0
0.0265857,0.8670555,0,0
0.02650551,0.8674565,0,0
0.02638981,0.8680351,0,0
0.02634166,0.8682759,0,0
0.02635985,0.8681849,0,0
0.0263708,0.8681301,0,0
0.02645145,0.8677269,0,0
0.02646287,0.8676698,0,0
0.02639901,0.8679891,0,0
0.02631519,0.8684083,0,0
0.02611738,0.8693974,0,0
0.02592652,0.8703519,0,0
0.02577816,0.8710938,0,0
0.02564176,0.8717758,0,0
0.02559106,0.8720294,0,0
0.02546669,0.8726513,0,0
0.02540883,0.8729406,0,0
0.02544094,0.87278,0,0
0.02543929,0.8727883,0,0
0.02551745,0.8723974,0,0
0.02552936,0.8723379,0,0
0.02557991,0.8720851,0,0
0.02574304,0.8712693,0,0
0.02589865,0.8704912,0,0
0.02603581,0.8698053,0,0
0.02619252,0.8690217,0,0
0.02628473,0.8685606,0,0
0.02626949,0.8686368,0,0
0.02632275,0.8683705,0,0
0.02635347,0.8682168,0,0
0.02633653,0.8683016,0,0
0.02630213,0.8684736,0,0
0.02628555,0.8685565,0,0
0.02625697,0.8686994,0,0
0.02618982,0.8690352,0,0
0.02615684,0.8692001,0,0
0.02613419,0.8693134,0,0
0.02611277,0.8694205,0,0
0.02616302,0.8691692,0,0
0.02627108,0.8686289,0,0
0.02637132,0.8681276,0,0
0.02644787,0.8677447,0,0
0.02652263,0.8673709,0,0
0.02659831,0.8669925,0,0
0.02664687,0.8667496,0,0
0.0266433,0.8667675,0,0
0.0266216,0.8668761,0,0
0.0266837,0.8665655,0,0
0.07735562,0.6131755,0,0
0.0752331,0.6237893,0,0
0.07262962,0.6368083,0,0
0.07055642,0.6471756,0,0
0.06916414,0.6541378,0,0
0.06783023,0.6608081,0,0
0.06692417,0.665339,0,0
0.06629533,0.6684836,0,0
0.06605141,0.6697033,0,0
0.06904478,0.6547347,0,0
0.06820771,0.6589205,0,0
0.06713908,0.6642643,0,0
0.066624,0.66684,0,0
0.06656289,0.6671456,0,0
0.06706063,0.6646566,0,0
0.06798912,0.6600136,0,0
0.06886875,0.6556149,0,0
0.07015701,0.6491728,0,0
0.0710026,0.6449444,0,0
0.07225677,0.6386728,0,0
0.07292259,0.6353433,0,0
0.07312714,0.6343204,0,0
0.07400265,0.6299423,0,0
0.0754856,0.6225267,0,0
0.07610317,0.6194385,0,0
0.07609057,0.6195015,0,0
0.07628895,0.6185094,0,0
0.05712277,0.7143519,0,0
0.05690899,0.7154209,0,0
0.05680444,0.7159437,0,0
0.05651718,0.7173802,0,0
0.05631115,0.7184104,0,0
0.05631511,0.7183906,0,0
0.05629855,0.7184734,0,0
0.05666591,0.7166364,0,0
0.0576287,0.7118219,0,0
0.05846201,0.7076549,0,0
0.07247391,0.637587,0,0
0.07194817,0.6402159,0,0
0.07151013,0.6424064,0,0
0.07099462,0.6449843,0,0
0.07052414,0.647337,0,0
0.0704487,0.6477143,0,0
0.07067676,0.6465738,0,0
0.07105454,0.6446847,0,0
0.07184786,0.6407176,0,0
0.07231874,0.6383629,0,0
0.07312727,0.6343197,0,0
0.0740366,0.6297725,0,0
0.0745308,0.6273013,0,0
0.07494942,0.6252079,0,0
0.07499197,0.6249951,0,0
0.07458345,0.627038,0,0
0.07408521,0.6295295,0,0
0.07331034,0.6334043,0,0
0.07273874,0.6362627,0,0
0.07202473,0.6398332,0,0
0.07172379,0.641338,0,0
0.0713532,0.6431912,0,0
0.07119615,0.6439765,0,0
0.07115035,0.6442056,0,0
0.07121471,0.6438837,0,0
0.07120744,0.6439201,0,0
0.07134436,0.6432354,0,0
0.07202284,0.6398426,0,0
0.0725675,0.6371189,0,0
0.07288307,0.6355409,0,0
0.07270299,0.6364414,0,0
0.07205305,0.6396915,0,0
0.07116453,0.6441346,0,0
0.07023727,0.6487715,0,0
0.06972965,0.6513099,0,0
0.06923845,0.6537662,0,0
0.06919487,0.6539841,0,0
0.06920662,0.6539254,0,0
0.06926597,0.6536286,0,0
0.06945629,0.6526768,0,0
0.07015679,0.6491739,0,0
