0.1127717,0.4360737,0,0
0.1195166,0.4023452,0,0
0.1251485,0.3741823,0,0
0.1298241,0.3508015,0,0
0.1351831,0.3240032,0,0
0.1382345,0.3087445,0,0
0.1415392,0.292219,0,0
0.1440717,0.2795549,0,0
0.14444,0.2777131,0,0
0.1438205,0.2808111,0,0
0.1420532,0.2896488,0,0
0.1388645,0.3055944,0,0
0.1345433,0.3272029,0,0
0.1297013,0.3514155,0,0
0.1252257,0.3737965,0,0
0.1214263,0.3927956,0,0
0.1176264,0.4117975,0,0
0.1143958,0.4279524,0,0
0.1115737,0.4420647,0,0
0.1081213,0.4593284,0,0
0.1056986,0.4714437,0,0
0.1034286,0.4827949,0,0
0.1006073,0.4969032,0,0
0.0974481,0.512701,0,0
0.08728288,0.5635332,0,0
0.08547901,0.5725536,0,0
0.08440676,0.5779155,0,0
0.0829865,0.5850177,0,0
0.0820749,0.5895762,0,0
0.08160801,0.591911,0,0
0.08126593,0.5936216,0,0
0.0811217,0.5943428,0,0
0.08097865,0.5950582,0,0
0.08099692,0.5949668,0,0
0.08099249,0.5949889,0,0
0.08101837,0.5948595,0,0
0.0810954,0.5944743,0,0
0.08125331,0.5936847,0,0
0.0814043,0.5929297,0,0
0.08151122,0.5923949,0,0
0.0815213,0.5923446,0,0
0.08130055,0.5934485,0,0
0.07902177,0.6048437,0,0
0.08041298,0.5978868,0,0
0.08083253,0.5957888,0,0
0.08072142,0.5963445,0,0
0.08030184,0.5984426,0,0
0.08005484,0.5996777,0,0
0.07999721,0.5999659,0,0
0.08066225,0.5966403,0,0
0.08121624,0.59387,0,0
0.07807272,0.6095896,0,0
0.07525739,0.6236678,0,0
0.07443301,0.6277903,0,0
0.07410357,0.6294377,0,0
0.07383139,0.6307987,0,0
0.07317742,0.634069,0,0
0.07074951,0.64621,0,0
0.0678096,0.6609113,0,0
0.06704886,0.6647155,0,0
0.06389084,0.6805074,0,0
0.0628137,0.6858938,0,0
0.03954423,0.8022551,0,0
0.03685813,0.8156872,0,0
0.03476599,0.8261492,0,0
0.03353834,0.8322882,0,0
0.03229023,0.8385295,0,0
0.03158322,0.842065,0,0
0.03162714,0.8418453,0,0
0.03290683,0.8354461,0,0
0.03473765,0.8262909,0,0
0.03575514,0.8212028,0,0
0.03684659,0.8157449,0,0
0.03733834,0.8132859,0,0
0.03742902,0.8128324,0,0
0.03667388,0.8166085,0,0
0.0481057,0.7594426,0,0
0.0498357,0.7507916,0,0
0.05004442,0.7497479,0,0
0.05068071,0.7465661,0,0
0.05109262,0.7445062,0,0
0.05107269,0.7446059,0,0
0.05051766,0.7473814,0,0
0.04886783,0.7556315,0,0
0.04794788,0.7602319,0,0
0.04704979,0.7647228,0,0
0.04614373,0.7692537,0,0
0.04592596,0.7703426,0,0
0.04707839,0.7645798,0,0
0.04820463,0.7589479,0,0
0.04827316,0.7586052,0,0
0.04854861,0.7572278,0,0
0.03895867,0.8051832,0,0
0.03881609,0.8058962,0,0
0.04001711,0.7998905,0,0
0.04246643,0.7876424,0,0
0.04311971,0.7843756,0,0
0.04314002,0.784274,0,0
0.04310472,0.7844505,0,0
0.04300923,0.784928,0,0
0.04349972,0.7824753,0,0
0.04394626,0.7802423,0,0
0.04374405,0.7812535,0,0
0.04073846,0.7962832,0,0
0.03595174,0.8202198,0,0
0.03440926,0.827933,0,0
0.03353047,0.8323275,0,0
0.03248598,0.8375506,0,0
0.03182145,0.8408737,0,0
0.03163446,0.8418087,0,0
0.03186268,0.8406675,0,0
0.03189146,0.8405235,0,0
0.03096881,0.8451374,0,0
0.02976067,0.8511788,0,0
0.03042118,0.8478758,0,0
0.03204655,0.839748,0,0
0.03369861,0.8314867,0,0
0.03534416,0.823258,0,0
0.03784586,0.810748,0,0
0.03981749,0.8008887,0,0
0.04193779,0.7902859,0,0
0.04468418,0.7765523,0,0
0.04825004,0.7587208,0,0
0.04970686,0.7514359,0,0
0.05088132,0.7455629,0,0
0.05227447,0.7385963,0,0
0.05395241,0.7302055,0,0
0.05447983,0.7275681,0,0
0.05403573,0.729789,0,0
0.05376518,0.7311419,0,0
0.05414519,0.7292415,0,0
0.05489387,0.7254977,0,0
0.0562079,0.7189268,0,0
0.05785249,0.7107028,0,0
0.06091562,0.6953853,0,0
0.06436769,0.6781229,0,0
0.0682169,0.6588745,0,0
0.07351852,0.6323633,0,0
0.08027773,0.5985631,0,0
0.08792512,0.5603216,0,0
0.09360213,0.5319332,0,0
0.09882376,0.5058219,0,0
0.1027473,0.4862017,0,0
0.1064001,0.4679357,0,0
0.1100239,0.4498146,0,0
0.1130886,0.4344893,0,0
0.1155802,0.4220297,0,0
0.1178718,0.4105701,0,0
0.1196807,0.4015247,0,0
0.1210654,0.3946002,0,0
0.1231324,0.3842642,0,0
0.1249083,0.3753837,0,0
0.1273266,0.3632907,0,0
0.130263,0.3486066,0,0
0.141435,0.2927401,0,0
0.1409977,0.2949268,0,0
0.1403628,0.2981019,0,0
0.1388813,0.3055104,0,0
0.1376686,0.3115745,0,0
0.1370417,0.3147093,0,0
0.1358349,0.3207439,0,0
0.1348093,0.3258728,0,0
0.1355754,0.3220415,0,0
0.1353617,0.3231104,0,0
0.1356172,0.3218328,0,0
0.1363812,0.3180123,0,0
0.1372239,0.313798,0,0
0.1385681,0.3070765,0,0
0.1416932,0.2914491,0,0
0.1460334,0.2697453,0,0
0.1500082,0.2498689,0,0
0.1525121,0.2373482,0,0
0.1525784,0.2370164,0,0
0.1537958,0.2309288,0,0
0.1536164,0.2318259,0,0
0.1298954,0.3504449,0,0
0.1251135,0.3743575,0,0
0.1211173,0.3943408,0,0
0.1187178,0.4063399,0,0
0.1154847,0.4225071,0,0
0.1147758,0.4260522,0,0
0.1151147,0.4243573,0,0
0.1153792,0.4230347,0,0
0.1153405,0.4232285,0,0
0.1160574,0.4196431,0,0
0.1165333,0.4172633,0,0
0.116179,0.4190354,0,0
0.1146546,0.4266582,0,0
0.1115396,0.4422351,0,0
0.1099904,0.4499822,0,0
0.1095201,0.4523337,0,0
0.1108874,0.4454964,0,0
0.1119351,0.4402573,0,0
0.1112829,0.4435185,0,0
0.1107233,0.4463168,0,0
0.1105967,0.44695,0,0
0.1114735,0.4425654,0,0
0.1126397,0.4367338,0,0
0.1160306,0.4197772,0,0
0.1212155,0.3938498,0,0
0.1376012,0.3119114,0,0
0.1362412,0.318712,0,0
0.1349947,0.3249453,0,0
0.133558,0.3321297,0,0
0.1324372,0.3377345,0,0
0.1331377,0.3342315,0,0
0.1370061,0.314887,0,0
0.1390024,0.3049046,0,0
0.1401635,0.2990986,0,0
0.140859,0.2956203,0,0
0.1409339,0.295246,0,0
0.1405081,0.2973751,0,0
0.1395305,0.3022638,0,0
0.1383571,0.3081316,0,0
0.135822,0.3208086,0,0
0.1332825,0.3335074,0,0
0.1304263,0.3477904,0,0
0.1258068,0.3708905,0,0
0.1218047,0.3909033,0,0
0.1194097,0.4028798,0,0
